B.PM.Pel_28 (120577.66,92968.81) 22799.89999994871 1
H.PO.Pel_25 (116777.20,67767.63) 23599.899999937068 1
Pel.PO.Pi_34 (138421.01,75651.25) 24900.0 0
H.PO.Pel_25 (121607.49,78316.92) 25599.899999907964 48
Pi.Pel_37 (120577.66,92968.81) 25599.999999907963 0
Pi.Pel_38 (120577.66,92968.81) 25599.999999907963 1
J.AG.Pel_20 (138421.01,75651.25) 25799.899999905054 1
PM.PA.H.J_33 (67223.70,60126.98) 26099.89999990069 0
B.PM.Pel_28 (68777.87,109668.56) 26399.899999896323 38
B.PM.Pel_29 (68777.87,109668.56) 26999.89999988759 1
Pel.Ca_40 (148895.65,110118.07) 26999.89999988759 0
Pel.Ca_41 (148895.65,110118.07) 27000.0 1
H.PO.Pel_25 (138421.01,75651.25) 27399.89999988177 49
Ca.Pi_36 (125152.09,134673.10) 27600.0 2
H.AG.Pel_26 (96181.89,36537.65) 27601.099999878843 0
Pi.Pel_37 (165744.40,90012.13) 27799.99999987595 30
Pi.Pel_38 (95308.28,124134.52) 27799.99999987595 43
J.AG.Pel_21 (96181.89,36537.65) 27900.0 0
Pel.PO.Pi_34 (121607.49,78316.92) 27900.0 41
H.AG_24 (96181.89,36537.65) 28699.999999862852 0
PM.PA.H.J_33 (56251.17,77559.58) 28799.899999861398 3
Pi.PM_35 (88066.66,122369.36) 28799.899999861398 6
Pel.Ca_40 (135975.62,129702.76) 28799.899999861398 38
Pel.PO.Pi_34 (122259.05,79112.85) 28800.0 79
Pel.Ca_41 (165744.40,90012.13) 28800.0 38
H.PO.Pel_25 (165744.40,90012.13) 29399.899999852667 82
Pel.PO.Pi_34 (120577.66,92968.81) 29700.0 76
Ca.Pi_36 (135975.62,129702.76) 30000.0 30
Pi.PM_35 (68777.87,109668.56) 30599.899999835205 50
B.PM.Pel_29 (120577.66,92968.81) 30600.0 28
J.AG.Pel_20 (96181.89,36537.65) 31199.899999826474 32
H.AG.Pel_26 (138421.01,75651.25) 31201.099999826456 1
PM.PA.H.J_33 (49399.77,92658.78) 31499.899999822108 56
B.PM.Pel_28 (58.53,137084.64) 31800.0 26
Pel.PO.Pi_34 (95308.28,124134.52) 32100.0 74
H.AG_24 (67223.70,60126.98) 32299.999999810465 0
B.PM.Pel_30 (68777.87,109668.56) 32399.89999980901 3
B.PM.Pel_31 (120577.66,92968.81) 32399.89999980901 5
J.AG.Pel_21 (138421.01,75651.25) 33299.89999979592 5
B.PM.Pel_29 (165744.40,90012.13) 33600.0 76
J.AG.Pel_20 (68540.65,167.57) 33900.0 25
H.AG.Pel_26 (165744.40,90012.13) 34201.099999782804 66
PM.PA.H.J_33 (68777.87,109668.56) 35099.899999769725 49
J.AG.Pel_22 (96181.89,36537.65) 35100.0 3
J.AG.Pel_21 (165744.40,90012.13) 35699.89999976099 60
B.PM.Pel_31 (68777.87,109668.56) 35999.89999975663 71
B.PM.Pel_30 (120577.66,92968.81) 36000.0 19
J.AG.Pel_23 (138421.01,75651.25) 36599.8999997479 5
Pel.Ca_41 (148895.65,110118.07) 37799.899999730435 74
Pel.Ca_40 (148895.65,110118.07) 37800.0 24
B.PM.Pel_29 (120577.66,92968.81) 38999.89999971297 70
B.PM.Pel_30 (165744.40,90012.13) 39000.0 54
Pel.Ca_41 (135975.62,129702.76) 39599.89999970424 60
Pel.Ca_40 (165744.40,90012.13) 39600.0 57
J.AG.Pel_22 (138421.01,75651.25) 40499.899999691144 23
B.PM.Pel_28 (68777.87,109668.56) 41399.89999967805 11
B.PM.Pel_31 (58.53,137084.64) 41400.0 42
Pel.Ca_40 (148895.65,110118.07) 41400.0 50
Pel.Ca_41 (148895.65,110118.07) 41400.0 51
J.AG.Pel_23 (96181.89,36537.65) 41999.89999966932 44
Ca.Pi_36 (125152.09,134673.10) 42000.0 28
B.PM.Pel_29 (68777.87,109668.56) 42599.899999660585 62
J.AG.Pel_22 (165744.40,90012.13) 42899.89999965622 39
Pel.Ca_40 (135975.62,129702.76) 43200.0 75
Pel.Ca_41 (165744.40,90012.13) 43200.0 75
Pi.Pel_37 (120577.66,92968.81) 43599.99999964603 22
Pi.Pel_38 (120577.66,92968.81) 43599.99999964603 14
J.AG.Pel_21 (138421.01,75651.25) 43799.89999964312 39
J.AG.Pel_20 (96181.89,36537.65) 44100.0 8
Ca.Pi_36 (95308.28,124134.52) 44400.0 42
J.AG.Pel_23 (68540.65,167.57) 44700.0 30
Pi.PM_35 (88066.66,122369.36) 44999.89999962566 42
B.PM.Pel_28 (120577.66,92968.81) 45000.0 14
Ce.Pp.Fa.Pel_39 (135516.90,79492.73) 45599.89999961693 7
Pi.Pel_37 (95308.28,124134.52) 45799.99999961402 48
Pi.Pel_38 (165744.40,90012.13) 45799.99999961402 42
B.PM.Pel_30 (120577.66,92968.81) 46199.8999996082 46
Ce.Pp.Fa.Pel_39 (138421.01,75651.25) 46199.8999996082 52
Pi.PM_35 (95308.28,124134.52) 46799.89999959947 70
Pel.Ca_41 (148895.65,110118.07) 46799.89999959947 74
Pel.Ca_40 (148895.65,110118.07) 46800.0 61
B.PM.Pel_28 (165744.40,90012.13) 48000.0 30
B.PM.Pel_29 (58.53,137084.64) 48000.0 41
Pel.Ca_41 (135975.62,129702.76) 48599.899999573274 80
Pel.Ca_40 (165744.40,90012.13) 48600.0 69
J.AG.Pel_21 (96181.89,36537.65) 49199.89999956454 37
Ce.Pp.Fa.Pel_39 (165744.40,90012.13) 49199.89999956454 56
J.AG.Pel_20 (138421.01,75651.25) 49499.89999956018 15
J.AG.Pel_23 (96181.89,36537.65) 49500.0 22
B.PM.Pel_30 (68777.87,109668.56) 49799.89999955581 56
J.AG.Pel_20 (165744.40,90012.13) 51899.89999952525 26
J.AG.Pel_21 (68540.65,167.57) 51900.0 28
J.AG.Pel_22 (138421.01,75651.25) 52799.899999512156 23
B.PM.Pel_28 (120577.66,92968.81) 53399.899999503425 36
J.AG.Pel_23 (138421.01,75651.25) 54899.8999994816 12
B.PM.Pel_30 (58.53,137084.64) 55200.0 39
B.PM.Pel_29 (68777.87,109668.56) 55799.8999994685 15
Pel.Ca_40 (148895.65,110118.07) 55799.8999994685 35
Pel.Ca_41 (148895.65,110118.07) 55800.0 38
B.PM.Pel_28 (68777.87,109668.56) 56999.89999945104 55
J.AG.Pel_23 (165744.40,90012.13) 57299.89999944667 10
PM.PA.H.J_33 (49399.77,92658.78) 57599.89999944231 7
Pel.Ca_40 (135975.62,129702.76) 57599.89999944231 43
Pel.Ca_41 (165744.40,90012.13) 57600.0 46
J.AG.Pel_22 (96181.89,36537.65) 58199.899999433575 58
Pel.PO.Pi_34 (120577.66,92968.81) 58200.0 1
Pel.PO.Pi_34 (122259.05,79112.85) 59100.0 19
B.PM.Pel_29 (120577.66,92968.81) 59400.0 10
Ce.Pp.Fa.Pel_39 (138421.01,75651.25) 59700.0 42
J.AG.Pel_20 (138421.01,75651.25) 59999.89999940738 22
Pel.PO.Pi_34 (121607.49,78316.92) 60000.0 19
Ca.Pi_36 (125152.09,134673.10) 60000.0 11
PM.PA.H.J_33 (56251.17,77559.58) 60299.89999940302 6
J.AG.Pel_21 (96181.89,36537.65) 60300.0 14
Ce.Pp.Fa.Pel_39 (135516.90,79492.73) 60300.0 82
B.PM.Pel_32 (120577.66,92968.81) 60599.89999939865 4
J.AG.Pel_22 (68540.65,167.57) 60900.0 50
Ce.Pp.Fa.Pel_39 (122259.05,79112.85) 61200.0 104
H.AG.Pel_26 (138421.01,75651.25) 62400.0 3
B.PM.Pel_28 (58.53,137084.64) 62400.0 33
B.PM.Pel_29 (165744.40,90012.13) 62400.0 18
Ca.Pi_36 (135975.62,129702.76) 62400.0 48
B.PM.Pel_30 (68777.87,109668.56) 62999.899999363726 19
PM.PA.H.J_33 (67223.70,60126.98) 62999.899999363726 55
Pel.PO.Pi_34 (138421.01,75651.25) 62999.899999363726 21
Pel.Ca_41 (148895.65,110118.07) 62999.899999363726 36
Pel.Ca_40 (148895.65,110118.07) 63000.0 31
H.PO.Pel_25 (138421.01,75651.25) 63199.899999360816 7
B.PM.Pel_32 (68777.87,109668.56) 64199.899999346264 20
Pel.PO.Pi_34 (165744.40,90012.13) 64499.8999993419 58
H.AG_24 (96181.89,36537.65) 64699.99999933899 0
Pel.Ca_41 (135975.62,129702.76) 64799.89999933753 41
Pel.Ca_40 (165744.40,90012.13) 64800.0 39
H.PO.Pel_25 (121607.49,78316.92) 64999.89999933462 66
J.AG.Pel_20 (96181.89,36537.65) 65399.8999993288 50
J.AG.Pel_21 (138421.01,75651.25) 65699.89999933635 6
H.AG.Pel_26 (96181.89,36537.65) 66000.0 42
B.PM.Pel_30 (120577.66,92968.81) 66600.0 12
PM.PA.H.J_33 (68540.65,167.57) 66600.0 47
H.PO.Pel_25 (116777.20,67767.63) 66999.89999941202 57
J.AG.Pel_23 (138421.01,75651.25) 67199.89999942367 8
J.AG.Pel_22 (96181.89,36537.65) 67500.0 26
B.PM.Pel_29 (120577.66,92968.81) 67799.89999945859 24
J.AG.Pel_20 (68540.65,167.57) 68099.89999947605 34
J.AG.Pel_21 (165744.40,90012.13) 68099.89999947605 2
H.AG_24 (67223.70,60126.98) 68299.9999994877 4
H.AG.Pel_26 (67223.70,60126.98) 68399.89999949351 31
Pel.Ca_40 (148895.65,110118.07) 68399.89999949351 34
Pel.Ca_41 (148895.65,110118.07) 68400.0 60
Pi.Pel_37 (120577.66,92968.81) 68799.9999995168 0
Pi.Pel_38 (120577.66,92968.81) 68799.9999995168 1
H.PO.Pel_25 (67223.70,60126.98) 68999.89999952844 90
Ca.Pi_36 (125152.09,134673.10) 69000.0 49
B.PM.Pel_30 (165744.40,90012.13) 69600.0 14
B.PM.Pel_32 (58.53,137084.64) 69600.0 15
B.PM.Pel_28 (68777.87,109668.56) 70199.89999959829 14
Pel.Ca_40 (135975.62,129702.76) 70199.89999959829 64
Pel.Ca_41 (165744.40,90012.13) 70200.0 65
Pi.Pel_37 (165744.40,90012.13) 70999.99999964486 20
Pi.Pel_38 (95308.28,124134.52) 70999.99999964486 34
B.PM.Pel_29 (68777.87,109668.56) 71399.89999966814 32
Ca.Pi_36 (95308.28,124134.52) 71400.0 65
J.AG.Pel_23 (96181.89,36537.65) 72599.89999973799 26
J.AG.Pel_22 (138421.01,75651.25) 72899.89999975545 11
B.PM.Pel_28 (120577.66,92968.81) 73799.89999980784 15
J.AG.Pel_22 (165744.40,90012.13) 75299.89999989515 13
J.AG.Pel_23 (68540.65,167.57) 75299.89999989515 21
J.AG.Pel_21 (138421.01,75651.25) 76199.89999994753 5
J.AG.Pel_20 (96181.89,36537.65) 76500.0 15
B.PM.Pel_28 (165744.40,90012.13) 76799.89999998246 17
B.PM.Pel_29 (58.53,137084.64) 76799.89999998246 18
B.PM.Pel_31 (68777.87,109668.56) 77400.0 2
B.PM.Pel_31 (120577.66,92968.81) 81000.0 3
J.AG.Pel_21 (96181.89,36537.65) 81600.0 28
J.AG.Pel_20 (138421.01,75651.25) 81900.0 8
B.PM.Pel_31 (165744.40,90012.13) 84000.00000040156 13
J.AG.Pel_21 (68540.65,167.57) 84300.0 24
J.AG.Pel_20 (165744.40,90012.13) 84300.00000041902 12
B.PM.Pel_28 (120577.66,92968.81) 109199.80000186838 2
H.PO.Pel_25 (116777.20,67767.63) 109999.80000191495 2
Pel.PO.Pi_34 (138421.01,75651.25) 111300.0 1
H.PO.Pel_25 (121607.49,78316.92) 111999.80000203136 46
Pi.Pel_37 (120577.66,92968.81) 111999.90000203137 2
Pi.Pel_38 (120577.66,92968.81) 111999.90000203137 0
J.AG.Pel_20 (138421.01,75651.25) 112199.800002043 2
B.PM.Pel_28 (68777.87,109668.56) 112799.80000207793 34
B.PM.Pel_29 (68777.87,109668.56) 113399.80000211285 2
Pel.Ca_41 (148895.65,110118.07) 113399.80000211285 0
Pel.Ca_40 (148895.65,110118.07) 113400.0 1
H.PO.Pel_25 (138421.01,75651.25) 113799.70000213613 45
H.AG.Pel_26 (96181.89,36537.65) 114000.0 0
Pi.Pel_37 (95308.28,124134.52) 114199.90000215943 39
Pi.Pel_38 (165744.40,90012.13) 114199.90000215943 39
J.AG.Pel_21 (96181.89,36537.65) 114300.0 0
Pel.PO.Pi_34 (121607.49,78316.92) 114300.00000216525 30
H.AG_24 (96181.89,36537.65) 115099.90000221181 0
Pel.Ca_41 (135975.62,129702.76) 115199.80000221763 36
Pel.PO.Pi_34 (122259.05,79112.85) 115200.00000221764 49
Pel.Ca_40 (165744.40,90012.13) 115200.00000221764 42
H.PO.Pel_25 (165744.40,90012.13) 115799.70000225255 66
Pel.PO.Pi_34 (120577.66,92968.81) 116100.00000227003 48
B.PM.Pel_29 (120577.66,92968.81) 116999.8000023224 8
J.AG.Pel_20 (96181.89,36537.65) 117599.80000235733 30
H.AG.Pel_26 (138421.01,75651.25) 117599.80000235733 1
B.PM.Pel_28 (58.53,137084.64) 118199.80000239225 27
Pel.PO.Pi_34 (95308.28,124134.52) 118500.00000240972 80
H.AG_24 (67223.70,60126.98) 118699.90000242136 0
B.PM.Pel_30 (120577.66,92968.81) 118799.80000242718 6
B.PM.Pel_32 (68777.87,109668.56) 118799.80000242718 0
J.AG.Pel_21 (138421.01,75651.25) 119699.80000247956 8
B.PM.Pel_29 (165744.40,90012.13) 119999.80000249702 12
J.AG.Pel_20 (68540.65,167.57) 120299.80000251449 28
H.AG.Pel_26 (165744.40,90012.13) 120599.80000253195 28
J.AG.Pel_23 (96181.89,36537.65) 121500.0 0
J.AG.Pel_21 (165744.40,90012.13) 122099.80000261926 27
B.PM.Pel_30 (68777.87,109668.56) 122399.80000263672 25
B.PM.Pel_32 (120577.66,92968.81) 122399.80000263672 0
J.AG.Pel_22 (138421.01,75651.25) 122999.80000267165 6
Pel.Ca_40 (148895.65,110118.07) 124199.8000027415 39
Pel.Ca_41 (148895.65,110118.07) 124200.0 23
B.PM.Pel_29 (120577.66,92968.81) 125399.80000281135 34
B.PM.Pel_32 (165744.40,90012.13) 125399.80000281135 2
Pel.Ca_40 (135975.62,129702.76) 125999.80000284627 57
Pel.Ca_41 (165744.40,90012.13) 126000.00000284628 51
J.AG.Pel_23 (138421.01,75651.25) 126899.80000289866 4
B.PM.Pel_28 (68777.87,109668.56) 127799.80000295104 6
B.PM.Pel_30 (58.53,137084.64) 127799.80000295104 15
Pel.Ca_40 (148895.65,110118.07) 127800.0 51
Pel.Ca_41 (148895.65,110118.07) 127800.00000295106 47
J.AG.Pel_22 (96181.89,36537.65) 128399.80000298597 19
B.PM.Pel_29 (68777.87,109668.56) 128999.8000030209 39
J.AG.Pel_23 (165744.40,90012.13) 129299.80000303836 13
Pel.Ca_40 (165744.40,90012.13) 129600.00000305583 51
Pel.Ca_41 (135975.62,129702.76) 129600.00000305583 51
Pi.Pel_37 (120577.66,92968.81) 129999.9000030791 5
Pi.Pel_38 (120577.66,92968.81) 129999.9000030791 16
J.AG.Pel_21 (138421.01,75651.25) 130199.80000309074 30
J.AG.Pel_20 (96181.89,36537.65) 130500.0 12
J.AG.Pel_22 (68540.65,167.57) 131099.80000314311 13
B.PM.Pel_28 (120577.66,92968.81) 131399.80000316058 1
Ce.Pp.Fa.Pel_39 (135516.90,79492.73) 131999.8000031955 1
Pi.Pel_37 (165744.40,90012.13) 132199.90000320715 40
Pi.Pel_38 (95308.28,124134.52) 132199.90000320715 40
B.PM.Pel_31 (120577.66,92968.81) 132599.80000323043 3
Ce.Pp.Fa.Pel_39 (138421.01,75651.25) 132599.80000323043 48
Pel.Ca_40 (148895.65,110118.07) 133199.80000326535 41
Pel.Ca_41 (148895.65,110118.07) 133200.0 35
B.PM.Pel_28 (165744.40,90012.13) 134399.8000033352 2
B.PM.Pel_29 (58.53,137084.64) 134399.8000033352 19
Pel.Ca_40 (135975.62,129702.76) 134999.80000337012 42
Pel.Ca_41 (165744.40,90012.13) 135000.00000337014 42
J.AG.Pel_21 (96181.89,36537.65) 135599.80000340505 25
Ce.Pp.Fa.Pel_39 (165744.40,90012.13) 135599.80000340505 50
J.AG.Pel_20 (138421.01,75651.25) 135899.8000034225 4
J.AG.Pel_22 (96181.89,36537.65) 135900.0 10
B.PM.Pel_31 (68777.87,109668.56) 136199.80000343997 10
J.AG.Pel_20 (165744.40,90012.13) 138299.8000035622 41
J.AG.Pel_21 (68540.65,167.57) 138299.8000035622 21
J.AG.Pel_23 (138421.01,75651.25) 139199.8000036146 16
B.PM.Pel_28 (120577.66,92968.81) 139799.80000364952 7
J.AG.Pel_22 (138421.01,75651.25) 141299.80000373683 13
B.PM.Pel_31 (58.53,137084.64) 141599.8000037543 6
B.PM.Pel_29 (68777.87,109668.56) 142199.80000378922 10
Pel.Ca_41 (148895.65,110118.07) 142199.80000378922 27
Pel.Ca_40 (148895.65,110118.07) 142200.0 24
B.PM.Pel_28 (68777.87,109668.56) 143399.80000385907 35
J.AG.Pel_22 (165744.40,90012.13) 143699.80000387653 22
Pel.Ca_41 (135975.62,129702.76) 143999.800003894 42
Pel.Ca_40 (165744.40,90012.13) 144000.000003894 43
J.AG.Pel_23 (96181.89,36537.65) 144599.80000392892 35
Pel.PO.Pi_34 (120577.66,92968.81) 144600.0 1
Pel.PO.Pi_34 (122259.05,79112.85) 145500.00000398132 26
B.PM.Pel_29 (120577.66,92968.81) 145799.80000399877 6
Ce.Pp.Fa.Pel_39 (138421.01,75651.25) 146100.0 40
J.AG.Pel_20 (138421.01,75651.25) 146399.8000040337 31
Pel.PO.Pi_34 (121607.49,78316.92) 146400.0000040337 26
J.AG.Pel_21 (96181.89,36537.65) 146700.0 4
Ce.Pp.Fa.Pel_39 (135516.90,79492.73) 146700.00000405117 52
B.PM.Pel_32 (120577.66,92968.81) 146999.80000406862 4
J.AG.Pel_23 (68540.65,167.57) 147299.80000408608 30
Ce.Pp.Fa.Pel_39 (122259.05,79112.85) 147600.00000410355 75
B.PM.Pel_28 (58.53,137084.64) 148799.8000041734 30
B.PM.Pel_29 (165744.40,90012.13) 148799.8000041734 5
H.AG.Pel_26 (138421.01,75651.25) 148800.0 8
B.PM.Pel_30 (68777.87,109668.56) 149399.80000420831 2
Pel.Ca_40 (148895.65,110118.07) 149399.80000420831 40
Pel.PO.Pi_34 (138421.01,75651.25) 149400.0 22
Pel.Ca_41 (148895.65,110118.07) 149400.0 32
H.PO.Pel_25 (138421.01,75651.25) 149599.80000421996 22
B.PM.Pel_32 (68777.87,109668.56) 150599.80000427816 30
Pel.PO.Pi_34 (165744.40,90012.13) 150900.00000429564 60
H.AG_24 (96181.89,36537.65) 151099.90000430727 0
Pel.Ca_40 (135975.62,129702.76) 151199.8000043131 48
Pel.Ca_41 (165744.40,90012.13) 151200.0000043131 44
H.PO.Pel_25 (121607.49,78316.92) 151399.80000432473 73
J.AG.Pel_20 (96181.89,36537.65) 151799.800004348 39
J.AG.Pel_21 (138421.01,75651.25) 152099.80000436548 7
H.AG.Pel_26 (96181.89,36537.65) 152400.00000438295 26
B.PM.Pel_30 (120577.66,92968.81) 152999.80000441786 3
H.PO.Pel_25 (116777.20,67767.63) 153399.80000444115 67
J.AG.Pel_22 (138421.01,75651.25) 153599.8000044528 14
J.AG.Pel_23 (96181.89,36537.65) 153900.0 21
B.PM.Pel_29 (120577.66,92968.81) 154199.8000044877 12
J.AG.Pel_20 (68540.65,167.57) 154499.80000450517 33
J.AG.Pel_21 (165744.40,90012.13) 154499.80000450517 33
H.AG_24 (67223.70,60126.98) 154699.90000451682 0
Pel.Ca_41 (148895.65,110118.07) 154799.80000452264 37
H.AG.Pel_26 (67223.70,60126.98) 154800.0 21
Pel.Ca_40 (148895.65,110118.07) 154800.0 37
Pi.Pel_37 (120577.66,92968.81) 155199.90000454593 22
Pi.Pel_38 (120577.66,92968.81) 155199.90000454593 2
H.PO.Pel_25 (67223.70,60126.98) 155399.80000455756 106
B.PM.Pel_30 (165744.40,90012.13) 155999.8000045925 11
B.PM.Pel_32 (58.53,137084.64) 155999.8000045925 23
B.PM.Pel_28 (68777.87,109668.56) 156599.8000046274 14
Pel.Ca_41 (135975.62,129702.76) 156599.8000046274 50
Pel.Ca_40 (165744.40,90012.13) 156600.00000462742 51
Pi.Pel_37 (95308.28,124134.52) 157399.90000467398 53
Pi.Pel_38 (165744.40,90012.13) 157399.90000467398 28
B.PM.Pel_29 (68777.87,109668.56) 157799.80000469726 32
J.AG.Pel_22 (96181.89,36537.65) 158999.8000047671 17
J.AG.Pel_23 (138421.01,75651.25) 159299.80000478457 9
B.PM.Pel_28 (120577.66,92968.81) 160199.80000483696 10
J.AG.Pel_22 (68540.65,167.57) 161699.80000492427 12
J.AG.Pel_23 (165744.40,90012.13) 161699.80000492427 10
J.AG.Pel_21 (138421.01,75651.25) 162599.80000497666 17
J.AG.Pel_20 (96181.89,36537.65) 162900.0 7
B.PM.Pel_28 (165744.40,90012.13) 163199.80000501158 13
B.PM.Pel_29 (58.53,137084.64) 163199.80000501158 20
B.PM.Pel_31 (68777.87,109668.56) 163799.8000050465 0
B.PM.Pel_31 (120577.66,92968.81) 167399.80000525605 0
J.AG.Pel_21 (96181.89,36537.65) 167999.80000529098 32
J.AG.Pel_20 (138421.01,75651.25) 168299.80000530844 7
B.PM.Pel_31 (165744.40,90012.13) 170399.80000543068 1
J.AG.Pel_20 (165744.40,90012.13) 170699.80000544814 22
J.AG.Pel_21 (68540.65,167.57) 170699.80000544814 29
B.PM.Pel_28 (120577.66,92968.81) 195599.8000068975 3
H.PO.Pel_25 (116777.20,67767.63) 196399.80000694407 1
Pel.PO.Pi_34 (138421.01,75651.25) 197700.0 2
H.PO.Pel_25 (121607.49,78316.92) 198399.8000070605 58
Pi.Pel_37 (120577.66,92968.81) 198399.9000070605 0
Pi.Pel_38 (120577.66,92968.81) 198399.9000070605 1
J.AG.Pel_20 (138421.01,75651.25) 198599.80000707213 2
PM.PA.H.J_33 (67223.70,60126.98) 198899.8000070896 0
B.PM.Pel_28 (68777.87,109668.56) 199199.80000710706 29
B.PM.Pel_29 (68777.87,109668.56) 199799.80000714198 2
Pel.Ca_40 (148895.65,110118.07) 199799.80000714198 0
Pel.Ca_41 (148895.65,110118.07) 199800.0 1
H.PO.Pel_25 (138421.01,75651.25) 200199.70000716526 53
H.AG.Pel_26 (96181.89,36537.65) 200400.0 0
Ca.Pi_36 (125152.09,134673.10) 200400.0 1
Pi.Pel_37 (165744.40,90012.13) 200599.90000718855 32
Pi.Pel_38 (95308.28,124134.52) 200599.90000718855 37
J.AG.Pel_21 (96181.89,36537.65) 200700.0 0
Pel.PO.Pi_34 (121607.49,78316.92) 200700.00000719438 31
H.AG_24 (96181.89,36537.65) 201499.90000724094 0
PM.PA.H.J_33 (56251.17,77559.58) 201599.70000724675 3
Pi.PM_35 (88066.66,122369.36) 201599.80000724675 7
Pel.Ca_40 (135975.62,129702.76) 201599.80000724675 43
Pel.PO.Pi_34 (122259.05,79112.85) 201600.00000724677 45
Pel.Ca_41 (165744.40,90012.13) 201600.00000724677 47
H.PO.Pel_25 (165744.40,90012.13) 202199.70000728167 75
Pel.PO.Pi_34 (120577.66,92968.81) 202500.00000729915 42
Ca.Pi_36 (135975.62,129702.76) 202800.00000731662 37
B.PM.Pel_29 (120577.66,92968.81) 203399.80000735153 11
Pi.PM_35 (68777.87,109668.56) 203399.80000735153 51
J.AG.Pel_20 (96181.89,36537.65) 203999.80000738645 27
H.AG.Pel_26 (138421.01,75651.25) 203999.80000738645 2
PM.PA.H.J_33 (49399.77,92658.78) 204299.7000074039 47
B.PM.Pel_28 (58.53,137084.64) 204599.80000742138 20
Pel.PO.Pi_34 (95308.28,124134.52) 204900.00000743885 81
H.AG_24 (67223.70,60126.98) 205099.9000074505 0
B.PM.Pel_30 (120577.66,92968.81) 205199.8000074563 5
B.PM.Pel_32 (68777.87,109668.56) 205199.8000074563 0
J.AG.Pel_21 (138421.01,75651.25) 206099.8000075087 6
B.PM.Pel_29 (165744.40,90012.13) 206399.80000752615 30
J.AG.Pel_20 (68540.65,167.57) 206699.8000075436 24
H.AG.Pel_26 (165744.40,90012.13) 206999.80000756108 19
PM.PA.H.J_33 (68777.87,109668.56) 207899.60000761345 35
J.AG.Pel_22 (96181.89,36537.65) 207900.0 1
J.AG.Pel_21 (165744.40,90012.13) 208499.8000076484 30
B.PM.Pel_30 (68777.87,109668.56) 208799.80000766585 26
B.PM.Pel_32 (120577.66,92968.81) 208799.80000766585 2
J.AG.Pel_23 (138421.01,75651.25) 209399.80000770077 4
Pel.Ca_41 (148895.65,110118.07) 210599.80000777062 49
Pel.Ca_40 (148895.65,110118.07) 210600.0 29
B.PM.Pel_29 (120577.66,92968.81) 211799.80000784047 37
B.PM.Pel_32 (165744.40,90012.13) 211799.80000784047 20
Pel.Ca_41 (135975.62,129702.76) 212399.8000078754 65
Pel.Ca_40 (165744.40,90012.13) 212400.0000078754 48
J.AG.Pel_22 (138421.01,75651.25) 213299.80000792778 4
B.PM.Pel_28 (68777.87,109668.56) 214199.80000798017 7
B.PM.Pel_30 (58.53,137084.64) 214199.80000798017 22
Pel.Ca_41 (148895.65,110118.07) 214200.0 60
Pel.Ca_40 (148895.65,110118.07) 214200.00000798018 44
J.AG.Pel_23 (96181.89,36537.65) 214799.8000080151 18
Ca.Pi_36 (125152.09,134673.10) 214800.0 23
B.PM.Pel_29 (68777.87,109668.56) 215399.80000805002 44
J.AG.Pel_22 (165744.40,90012.13) 215699.80000806748 9
Pel.Ca_40 (135975.62,129702.76) 216000.00000808496 52
Pel.Ca_41 (165744.40,90012.13) 216000.00000808496 66
Pi.Pel_37 (120577.66,92968.81) 216399.90000810823 12
Pi.Pel_38 (120577.66,92968.81) 216399.90000810823 13
J.AG.Pel_21 (138421.01,75651.25) 216599.80000811987 38
J.AG.Pel_20 (96181.89,36537.65) 216900.0 9
Ca.Pi_36 (95308.28,124134.52) 217200.0000081548 41
J.AG.Pel_23 (68540.65,167.57) 217499.80000817226 14
B.PM.Pel_28 (120577.66,92968.81) 217799.80000818972 4
Pi.PM_35 (88066.66,122369.36) 217799.80000818972 26
Ce.Pp.Fa.Pel_39 (135516.90,79492.73) 218399.80000822464 2
Pi.Pel_37 (95308.28,124134.52) 218599.9000082363 28
Pi.Pel_38 (165744.40,90012.13) 218599.9000082363 28
B.PM.Pel_31 (120577.66,92968.81) 218999.80000825957 5
Ce.Pp.Fa.Pel_39 (138421.01,75651.25) 218999.80000825957 34
Pi.PM_35 (95308.28,124134.52) 219599.8000082945 65
Pel.Ca_41 (148895.65,110118.07) 219599.8000082945 55
Pel.Ca_40 (148895.65,110118.07) 219600.0 47
B.PM.Pel_28 (165744.40,90012.13) 220799.80000836434 18
B.PM.Pel_29 (58.53,137084.64) 220799.80000836434 38
Pel.Ca_41 (135975.62,129702.76) 221399.80000839927 64
Pel.Ca_40 (165744.40,90012.13) 221400.00000839928 58
J.AG.Pel_21 (96181.89,36537.65) 221999.8000084342 28
Ce.Pp.Fa.Pel_39 (165744.40,90012.13) 221999.8000084342 36
J.AG.Pel_20 (138421.01,75651.25) 222299.80000845165 5
J.AG.Pel_23 (96181.89,36537.65) 222300.0 7
B.PM.Pel_31 (68777.87,109668.56) 222599.80000846912 19
J.AG.Pel_20 (165744.40,90012.13) 224699.80000859135 9
J.AG.Pel_21 (68540.65,167.57) 224699.80000859135 22
J.AG.Pel_22 (138421.01,75651.25) 225599.80000864374 7
B.PM.Pel_28 (120577.66,92968.81) 226199.80000867866 23
J.AG.Pel_23 (138421.01,75651.25) 227699.80000876597 3
B.PM.Pel_31 (58.53,137084.64) 227999.80000878344 15
B.PM.Pel_29 (68777.87,109668.56) 228599.80000881836 10
Pel.Ca_40 (148895.65,110118.07) 228599.80000881836 40
Pel.Ca_41 (148895.65,110118.07) 228600.0 38
B.PM.Pel_28 (68777.87,109668.56) 229799.8000088882 53
J.AG.Pel_23 (165744.40,90012.13) 230099.80000890567 5
PM.PA.H.J_33 (49399.77,92658.78) 230399.80000892314 1
Pel.Ca_40 (135975.62,129702.76) 230399.80000892314 61
Pel.Ca_41 (165744.40,90012.13) 230400.00000892315 64
J.AG.Pel_22 (96181.89,36537.65) 230999.80000895806 42
Pel.PO.Pi_34 (120577.66,92968.81) 231000.0 2
Pel.PO.Pi_34 (122259.05,79112.85) 231900.00000901046 24
B.PM.Pel_29 (120577.66,92968.81) 232199.8000090279 10
Ce.Pp.Fa.Pel_39 (138421.01,75651.25) 232500.0 33
J.AG.Pel_20 (138421.01,75651.25) 232799.80000906283 16
Ca.Pi_36 (125152.09,134673.10) 232800.0 14
Pel.PO.Pi_34 (121607.49,78316.92) 232800.00000906285 23
PM.PA.H.J_33 (56251.17,77559.58) 233099.7000090803 3
J.AG.Pel_21 (96181.89,36537.65) 233100.0 12
Ce.Pp.Fa.Pel_39 (135516.90,79492.73) 233100.0000090803 64
B.PM.Pel_32 (120577.66,92968.81) 233399.80000909776 4
J.AG.Pel_22 (68540.65,167.57) 233699.80000911522 37
Ce.Pp.Fa.Pel_39 (122259.05,79112.85) 234000.0000091327 92
B.PM.Pel_28 (58.53,137084.64) 235199.80000920253 39
B.PM.Pel_29 (165744.40,90012.13) 235199.80000920253 15
H.AG.Pel_26 (138421.01,75651.25) 235200.0 4
Ca.Pi_36 (135975.62,129702.76) 235200.00000920254 39
PM.PA.H.J_33 (67223.70,60126.98) 235799.70000923745 39
B.PM.Pel_30 (68777.87,109668.56) 235799.80000923746 0
Pel.Ca_41 (148895.65,110118.07) 235799.80000923746 52
Pel.PO.Pi_34 (138421.01,75651.25) 235800.0 21
Pel.Ca_40 (148895.65,110118.07) 235800.0 47
H.PO.Pel_25 (138421.01,75651.25) 235999.8000092491 12
B.PM.Pel_32 (68777.87,109668.56) 236999.8000093073 34
Pel.PO.Pi_34 (165744.40,90012.13) 237300.00000932478 46
H.AG_24 (96181.89,36537.65) 237499.90000933642 0
Pel.Ca_41 (135975.62,129702.76) 237599.80000934223 53
Pel.Ca_40 (165744.40,90012.13) 237600.00000934224 52
H.PO.Pel_25 (121607.49,78316.92) 237799.80000935387 54
J.AG.Pel_20 (96181.89,36537.65) 238199.80000937716 41
J.AG.Pel_21 (138421.01,75651.25) 238499.80000939462 4
H.AG.Pel_26 (96181.89,36537.65) 238800.0000094121 30
PM.PA.H.J_33 (68540.65,167.57) 239399.700009447 36
B.PM.Pel_30 (120577.66,92968.81) 239399.800009447 3
H.PO.Pel_25 (116777.20,67767.63) 239799.8000094703 43
J.AG.Pel_23 (138421.01,75651.25) 239999.80000948193 3
J.AG.Pel_22 (96181.89,36537.65) 240300.0 18
B.PM.Pel_29 (120577.66,92968.81) 240599.80000951685 35
J.AG.Pel_20 (68540.65,167.57) 240899.80000953432 29
J.AG.Pel_21 (165744.40,90012.13) 240899.80000953432 1
H.AG_24 (67223.70,60126.98) 241099.90000954596 2
Pel.Ca_40 (148895.65,110118.07) 241199.80000955178 44
H.AG.Pel_26 (67223.70,60126.98) 241200.0 21
Pel.Ca_41 (148895.65,110118.07) 241200.0 67
Pi.Pel_37 (120577.66,92968.81) 241599.90000957507 3
Pi.Pel_38 (120577.66,92968.81) 241599.90000957507 2
H.PO.Pel_25 (67223.70,60126.98) 241799.8000095867 94
Ca.Pi_36 (125152.09,134673.10) 241800.0 37
B.PM.Pel_30 (165744.40,90012.13) 242399.80000962163 12
B.PM.Pel_32 (58.53,137084.64) 242399.80000962163 27
B.PM.Pel_28 (68777.87,109668.56) 242999.80000965655 17
Pel.Ca_40 (135975.62,129702.76) 242999.80000965655 68
Pel.Ca_41 (165744.40,90012.13) 243000.00000965656 71
Pi.Pel_37 (165744.40,90012.13) 243799.90000970312 15
Pi.Pel_38 (95308.28,124134.52) 243799.90000970312 46
B.PM.Pel_29 (68777.87,109668.56) 244199.8000097264 62
Ca.Pi_36 (95308.28,124134.52) 244200.0000097264 41
J.AG.Pel_23 (96181.89,36537.65) 245399.80000979625 24
J.AG.Pel_22 (138421.01,75651.25) 245699.8000098137 14
B.PM.Pel_28 (120577.66,92968.81) 246599.8000098661 14
J.AG.Pel_22 (165744.40,90012.13) 248099.8000099534 10
J.AG.Pel_23 (68540.65,167.57) 248099.8000099534 19
J.AG.Pel_21 (138421.01,75651.25) 248999.8000100058 5
J.AG.Pel_20 (96181.89,36537.65) 249300.0 12
B.PM.Pel_28 (165744.40,90012.13) 249599.80001004072 19
B.PM.Pel_29 (58.53,137084.64) 249599.80001004072 45
B.PM.Pel_31 (68777.87,109668.56) 250199.80001007565 0
B.PM.Pel_31 (120577.66,92968.81) 253799.8000102852 2
J.AG.Pel_21 (96181.89,36537.65) 254399.80001032012 25
J.AG.Pel_20 (138421.01,75651.25) 254699.80001033758 9
B.PM.Pel_31 (165744.40,90012.13) 256799.80001045982 4
J.AG.Pel_20 (165744.40,90012.13) 257099.80001047728 8
J.AG.Pel_21 (68540.65,167.57) 257099.80001047728 21
B.PM.Pel_28 (120577.66,92968.81) 281999.8000061478 3
H.PO.Pel_25 (116777.20,67767.63) 282799.80000596156 0
Pel.PO.Pi_34 (138421.01,75651.25) 284100.0 1
H.PO.Pel_25 (121607.49,78316.92) 284799.8000054959 43
Pi.Pel_37 (120577.66,92968.81) 284799.9000054959 4
Pi.Pel_38 (120577.66,92968.81) 284799.9000054959 0
J.AG.Pel_20 (138421.01,75651.25) 284999.80000544933 1
B.PM.Pel_28 (68777.87,109668.56) 285599.80000530963 40
B.PM.Pel_29 (68777.87,109668.56) 286199.80000516993 1
Pel.Ca_41 (148895.65,110118.07) 286199.80000516993 2
Pel.Ca_40 (148895.65,110118.07) 286200.0 1
H.PO.Pel_25 (138421.01,75651.25) 286599.8000050768 40
H.AG.Pel_26 (96181.89,36537.65) 286800.0 0
Pi.Pel_37 (95308.28,124134.52) 286999.90000498365 45
Pi.Pel_38 (165744.40,90012.13) 286999.90000498365 25
J.AG.Pel_21 (96181.89,36537.65) 287100.0 0
Pel.PO.Pi_34 (121607.49,78316.92) 287100.00000496034 29
H.AG_24 (96181.89,36537.65) 287899.9000047741 0
Pel.Ca_41 (135975.62,129702.76) 287999.80000475084 45
Pel.Ca_40 (165744.40,90012.13) 288000.0000047508 33
Pel.PO.Pi_34 (122259.05,79112.85) 288000.10000475077 38
H.PO.Pel_25 (165744.40,90012.13) 288599.80000461114 64
Pel.PO.Pi_34 (120577.66,92968.81) 288900.1000045412 36
B.PM.Pel_29 (120577.66,92968.81) 289800.0 12
J.AG.Pel_20 (96181.89,36537.65) 290399.80000419205 32
H.AG.Pel_26 (138421.01,75651.25) 290399.80000419205 1
B.PM.Pel_28 (58.53,137084.64) 291000.0 30
Pel.PO.Pi_34 (95308.28,124134.52) 291300.1000039824 71
H.AG_24 (67223.70,60126.98) 291499.9000039359 0
B.PM.Pel_30 (120577.66,92968.81) 291599.80000391265 3
B.PM.Pel_32 (68777.87,109668.56) 291599.80000391265 1
J.AG.Pel_21 (138421.01,75651.25) 292499.8000037031 3
B.PM.Pel_29 (165744.40,90012.13) 292800.0000036332 15
J.AG.Pel_20 (68540.65,167.57) 293100.0 28
H.AG.Pel_26 (165744.40,90012.13) 293399.80000349355 34
J.AG.Pel_23 (96181.89,36537.65) 294300.0 0
J.AG.Pel_21 (165744.40,90012.13) 294899.8000031443 35
B.PM.Pel_30 (68777.87,109668.56) 295199.80000307446 25
B.PM.Pel_32 (120577.66,92968.81) 295200.0 1
J.AG.Pel_22 (138421.01,75651.25) 295799.80000293476 3
Pel.Ca_40 (148895.65,110118.07) 296999.80000265536 26
Pel.Ca_41 (148895.65,110118.07) 297000.0 26
B.PM.Pel_29 (120577.66,92968.81) 298199.80000237597 23
B.PM.Pel_32 (165744.40,90012.13) 298200.0000023759 2
Pel.Ca_40 (135975.62,129702.76) 298799.80000223627 47
Pel.Ca_41 (165744.40,90012.13) 298800.0000022362 42
J.AG.Pel_23 (138421.01,75651.25) 299699.8000020267 2
B.PM.Pel_28 (68777.87,109668.56) 300599.8000018172 9
B.PM.Pel_30 (58.53,137084.64) 300600.0 17
Pel.Ca_40 (148895.65,110118.07) 300600.0 46
Pel.Ca_41 (148895.65,110118.07) 300600.0000018171 43
J.AG.Pel_22 (96181.89,36537.65) 301199.8000016775 27
B.PM.Pel_29 (68777.87,109668.56) 301799.8000015378 40
J.AG.Pel_23 (165744.40,90012.13) 302099.8000014679 15
